0.95
0.924183667535921
0.914051187969271
0.908663534296856
0.90352581333099
0.899231106260199
0.878534163790477
0.869369401901246
0.861894152672607
0.855214744828313
0.849836650863819
0.834816644453601
0.825129443973386
0.818643204617528
0.812424243607136
0.80754035175626
0.802482905440374
0.797909743603844
0.793397171893534
0.7887108455828
0.784061455478196
0.779210013326008
0.773626576280903
0.767677324817688
0.760519172633512
0.753553164490595
0.745358238603745
0.737653012837861
0.730255947306772
0.722930103842208
0.713849805719133
0.704940281904979
0.697349036389553
0.690257398989459
0.683497068897582
0.675670652232088
0.66714841617458
0.659839030296966
0.653743942788034
0.644386942823803
0.636675957870197
0.626277130521009
0.61363775106007
0.599527485938312
0.580286520057912
0.566306424562776
0.554640122476316
0.546189917634904
0.541128931667878
0.535989696969755
0.528299472068921
0.522461650773103
0.517109659893612
0.512463175374733
0.505065365308334
0.499812327729803
0.495389706158318
0.491463599181123
0.484929841331534
0.480445241100356
0.476700159608527
0.473777201085791
0.46657236873846
0.463090100266186
0.460889031991581
0.459455935028375
0.458577054222645
0.447020797624416
0.445172586113348
0.446304849245604
0.448419161251834
0.434869161811797
0.435336173768572
0.440090086123741
0.446829718372161
0.428263446169369
0.434305112892927
0.446493069447386
0.390424129310812
0.367904235745044
