0.639748919315725
0.733761241444031
0.734284724214399
0.829246244243492
0.859345035081847
0.945546343049494
0.90687428892497
0.989695403020176
0.941188214490292
0.979720525468839
0.985424886974786
1.01215137085596
1.08003643809763
1.01922233333443
1.11031748099285
1.11035359777664
1.08063585862414
1.1586346628896
1.13733916356951
1.18970813655211
1.12189003232238
1.200235338834
1.20945124658662
1.20353378002672
1.21584576800148
1.22207368418408
1.23110749327148
1.22361315729083
1.25176167804627
1.26346352108852
1.27496370516723
1.2797211785419
1.29585001429427
1.30082343361036
1.30840066918852
1.31073592003881
1.31323717577344
1.33261880445255
1.32405196394128
1.34043455219647
1.34159711904708
1.34326210820152
1.34378002757788
1.35139062560401
1.25500999423312
1.23393087630565
1.25649982926693
1.26879194482204
1.28706348749123
1.3257355291815
1.35832117707739
1.39562211076725
1.48285645940575
1.49302023762412
1.47060271786194
1.48065353662007
1.45008867798986
1.42126779457846
1.39988616156175
1.36379256898134
1.33171499459335
1.2913519094335
1.25225569436809
1.22317137985395
1.1892790166796
1.14417778438462
1.12865351470846
1.11737351104617
1.05583854093245
0.999112103922408
0.936164059941993
0.874721291462067
0.822747962132091
0.770138225312138
0.768384844894381
0.736689126904911
0.752629245588011
0.733891578503164
0.828879828915656
1.134388002189
