0.3
0
0.33994497497732
0
0.348338678063179
0
0.356732381149039
0
0.365126084234899
0
0.373519787320758
0
0.381913490406618
0
0.390307193492478
0
0.398700896578338
0
0.407094599664197
0
0.415488302750057
0
0.423882005835917
0
0.432275708921777
0
0.440669412007636
0
0.449063115093496
0
0.457456818179356
0
0.465850521265216
0
0.474244224351075
0
0.482637927436935
0
0.491031630522795
0
0.499425333608655
0
0.507819036694514
0
0.516212739780374
0
0.524606442866234
0
0.533000145952093
0
0.541393849037953
0
0.549787552123813
0
0.558181255209673
0
0.566574958295533
0
0.574968661381392
0
0.583362364467252
0
0.591756067553112
0
0.600149770638971
0
0.608543473724831
0
0.616937176810691
0
0.625330879896551
0
0.633724582982411
0
0.64211828606827
0
0.65051198915413
0
0.65890569223999
0
0.667299395325849
0
0.675693098411709
0
0.684086801497569
0
0.692480504583429
0
0.700874207669288
0
0.709267910755148
0
0.717661613841008
0
0.726055316926867
0
0.734449020012727
0
0.742842723098587
0
0.751236426184447
0
0.759630129270307
0
0.768023832356166
0
0.776417535442026
0
0.784811238527885
0
0.793204941613746
0
0.801598644699605
0
0.809992347785465
0
0.818386050871325
0
0.826779753957185
0
0.835173457043045
0
0.843567160128904
0
0.851960863214763
0
0.860354566300623
0
0.868748269386484
0
0.877141972472343
0
0.885535675558203
0
0.893929378644062
0
0.902323081729922
0
0.910716784815782
0
0.919110487901642
0
0.927504190987501
0
0.935897894073361
0
0.944291597159221
0
0.952685300245081
0
0.96107900333094
0
0.9694727064168
0
0.97786640950266
0
0.98626011258852
0
0.994653815674379
0
