0
0.195915
0.349829959154367
0.557400237366483
0.73216301025871
0.934808378915985
1.10945655669097
1.3610444574563
1.58383434522483
1.91157021879841
2.26015732497674
2.6623745908935
3.06207522845221
3.41823022047838
3.86668611605974
4.25648092403147
4.67620483930845
5.16086248327602
5.59926564811524
6.09088313637861
6.56279814766943
7.13439410350456
7.64029735288981
8.14290798769274
8.65697396497649
9.16237871300343
9.66477721146823
10.1539157420012
10.6390173043827
11.0885976216174
11.5177714133779
11.9236765058511
12.3060717328489
12.6554291790421
12.9867252786596
13.2925528488016
13.5819438265665
13.8549235546494
14.0946874522386
14.3170057829975
14.5082742803172
14.6877612035274
14.8073923904887
14.8506813043256
14.8062417095909
14.693842508434
14.5857958410892
14.440097702786
14.2677624834355
14.0641607683089
13.8076699135594
13.500540149649
13.1375126738288
12.6668555118395
12.1618688231287
11.6515790492904
11.104854618239
10.5615346896219
10.0202056037375
9.47113367032987
8.93023806368638
8.39421815962957
7.87201776865707
7.3590180070946
6.84841823199378
6.34613201243684
5.86422032866095
5.37426687743513
4.86194682407644
4.38533856516754
3.94375328670279
3.54569010801611
3.17673945977931
2.84161323532501
2.54639634986454
2.24384504473538
1.93943579000834
1.60971232606089
1.29509638245779
0.818306279255737
