0.385283133498709
0.653141855411357
0.454923495731573
0.756635975087437
0.518817904121076
0.754545205752859
0.587183292728971
0.853577774710505
0.660878181485643
0.880536381249217
0.726059730532797
0.970142270592512
0.814462795560508
0.919651070727576
0.876559093877903
1.00669515444646
0.925637257837926
0.943680026319584
0.967414502928643
0.98180389765624
0.992087769602032
0.984247577465727
0.985975285984757
1.01733077589396
0.987993061830338
1.09954328820944
1.0138709145068
1.02040785123021
1.03253601224447
1.1282759773679
1.05414040515188
1.12375078747211
1.07416106768879
1.08222951486873
1.10119401454814
1.1731829190601
1.13193959056804
1.13874522738243
1.15300194815123
1.19954142279704
1.17022001131516
1.1085794617701
1.18958853199671
1.20325212288391
1.20415669285664
1.2110005034137
1.21287958310076
1.20070545372126
1.2243617283572
1.2131641666623
1.23254876308989
1.21864784753485
1.24421166498819
1.22663062671959
1.25284588863018
1.21321650892104
1.26430647079913
1.24712784623725
1.27371104690772
1.25953605853092
1.28273853084351
1.27184712817871
1.28606582254599
1.27706556512426
1.31895199535792
1.28582370542258
1.32755672490827
1.28882727218955
1.33390109034789
1.29659234050863
1.33880519991869
1.29726235683803
1.34635365527741
1.29671480625808
1.36711161196175
1.31483703297288
1.36982417807236
1.29980867026379
1.37762955968772
1.3199080184531
1.38461545188437
1.31704837587729
1.38724828014026
1.317013922545
1.38457959390122
1.31809156207322
1.41400283737476
1.30956690534613
1.27232213357416
1.24248835535833
1.27145813277607
1.20519143537918
1.29436437821514
1.22609569837433
1.31615944635355
1.22943594596998
1.36062659201036
1.22468282664488
1.4515581937548
1.21680990421743
1.50428286689852
1.2279969769098
1.57050984995827
1.23577190520724
1.7559402905993
1.22784373318876
1.77010113480834
1.22941663200165
1.73009571612867
1.21631469669902
1.68936306783717
1.27178727060728
1.63509238888913
1.26164153070731
1.59014511521913
1.24652389704131
1.53100936027915
1.26061313480177
1.47867235970158
1.23956125838827
1.43607721762481
1.21715087382588
1.37879654091951
1.19422744117051
1.32282899692104
1.17156992698562
1.26419577223991
1.17560741251815
1.22400739780042
1.1486565460547
1.16417186700516
1.12065500043274
1.11303195471933
1.14709724395542
1.11161381074029
1.12449844683886
1.03102062455209
1.08676960181289
0.962306400270186
1.04477403133993
0.878789659575775
1.00673780569435
0.805822655679998
0.96425797791581
0.740536372190907
0.92938259011372
0.674507320578536
0.891805795933677
0.646713304030447
0.919012875570123
0.600772102432535
0.918139894823165
0.61394565761987
0.933268603289015
0.568301902599813
0.939169195362716
0.590649375808209
1.20083310991291
0.802719841308726
1.70422661577848
