0.53227959077247
1.12345993596997
0.488237474841499
1.22604870773065
0.430112550741323
1.32851265690463
0.437005751752208
1.43473822569093
0.469213672544544
1.53302492711988
0.475923458985981
1.6348862568452
0.524064105203457
1.72411521603869
0.558783265424225
1.82657825070704
0.60062989603824
1.93147185920509
0.62885905109991
2.04346378932494
0.648199142375974
2.15696788413984
0.632450733706919
2.23439653342653
0.635908001470972
2.29945793422394
0.647174390076488
2.37092028902107
0.667619821881476
2.44082424905405
0.698618667822636
2.50159214636122
0.731980030554679
2.57220205001671
0.762160114653217
2.63609186983112
0.792584325355723
2.70127900017518
0.823815081339715
2.76810447219863
0.860965570702297
2.83242429367999
0.886372582441972
2.86070791984076
0.92119918142953
2.87517129428261
0.954014975415706
2.89035899634328
0.994531592476042
2.90137408581385
1.03104054648791
2.91217081639288
1.06680094215791
2.91047149581756
1.10165672086125
2.89130453330659
1.13258719922461
2.88008961721881
1.15960494864958
2.8672179596918
1.18853097468852
2.85030662255066
1.20746439809739
2.82020101669557
1.21995912970588
2.79410019583257
1.237235062759
2.77135011998067
1.24804716018974
2.74090909533123
1.25960307522897
2.71961620169065
1.27026025870411
2.70033259974884
1.27702578399965
2.67977740376933
1.28231685134611
2.62643004064851
1.27790442704004
2.61383860127711
1.28726395270283
2.59977329582681
1.23834346212307
2.5084900472734
1.17896772359373
2.38324210508824
1.08169435739695
2.28350924001557
-0.0198920073778086
0.528070614651016
-0.0353897587520139
0.521797144389157
-0.0513412021429557
0.516874717642585
-0.0673166407948038
0.510191869607415
-0.0822271277061469
0.501589781918534
-0.0992494724123063
0.492420904628109
-0.122057429559672
0.483670238530897
-0.145376413362221
0.472172263973229
-0.170993169313507
0.458703801958259
-0.202461042746059
0.442664576602312
-0.236729713964621
0.426103705711035
-0.268890490622137
0.407768127925554
-0.301129385502843
0.386871673765272
-0.332899274566711
0.365931868757417
-0.366373729330209
0.346421588557931
-0.398774896233417
0.325684121237788
-0.430854125334819
0.305494508155706
-0.462746263878018
0.285729427597574
-0.496025984489942
0.267943881552094
-0.527462010784553
0.249686641137555
-0.558260945533873
0.231182779730746
-0.589079554775478
0.213589253698497
-0.619166810609689
0.197023808301531
-0.651946498191383
0.181555702346372
-0.683961200709951
0.164710760528845
-0.713826873640914
0.14876950960525
-0.742241471570939
0.134232825653174
-0.770544498609993
0.122162816936124
-0.795820303887862
0.110197206752806
-0.819462116312432
0.0994597854461773
-0.841494494890444
0.0902992867822758
-0.864423553000881
0.0805400227763512
-0.886024985653074
0.0699312113119024
-0.909456101334603
0.0594027436596105
-0.933540036126155
0.0503733435243404
-0.961155159544324
0.0314154918569572
