0.53227959077247
1.12345993596997
0.503453118572537
1.21808884699811
0.434585414598299
1.31424389078128
0.433816617679767
1.41189849325539
0.45607554034302
1.50309459259711
0.453542004620239
1.59673430316955
0.489703850061952
1.67924218051259
0.513838490791103
1.77149227702869
0.544943164019726
1.86755748427403
0.560508757597487
1.96628823880816
0.565583260407674
2.06580376738653
0.534358979858285
2.12679377897314
0.522378166787462
2.17560730034403
0.519209788103064
2.23280321795398
0.52266978087117
2.2844434617476
0.537171881908818
2.32976214423622
0.553076575769893
2.3836806341496
0.562932553165521
2.42836591351767
0.573700812425815
2.47653436297894
0.584187017140586
2.52399619180196
0.599766613343998
2.57017013285018
0.599572727223399
2.57640334081259
0.60794708938378
2.57247918023236
0.613883623543482
2.5697188233929
0.626273750553562
2.56277536953515
0.63518437580742
2.55610837295331
0.642050550014763
2.53781945810362
0.649439590832583
2.50249412646845
0.653740083266927
2.47525437564788
0.655873640092288
2.44790166190133
0.660429661809006
2.41791126565498
0.657937358147843
2.37507380168643
0.650019096944348
2.3371901329746
0.648947176882447
2.30378355790471
0.642324760060591
2.26342694797859
0.638941623825566
2.23297525103769
0.634646413157533
2.2057994428486
0.627613957178307
2.17781586005878
0.621135912825462
2.11792495756974
0.607570733486837
2.09935605364788
0.608453788208112
2.08066136447677
0.554681501086735
1.98418190580487
0.494848024671143
1.85574598978624
0.402383355564998
1.75567328293739
0.18332997009372
0.882168181818181
0.17424100978287
0.882168181818182
0.165680418747095
0.882168181818182
0.15715167374778
0.882168181818182
0.148667256664572
0.882168181818182
0.140198145127941
0.882168181818182
0.131747843344771
0.882168181818182
0.123329580723712
0.882168181818182
0.114921252684401
0.882168181818182
0.106539394312892
0.882168181818182
0.0981631404108947
0.882168181818182
0.0897902910137765
0.882168181818182
0.0814709018657945
0.882168181818182
0.0731278234818756
0.882168181818182
0.0647788461319573
0.882168181818181
0.0564500103552632
0.882168181818182
0.0481729278504932
0.882168181818181
0.0399148876067109
0.882168181818182
0.0317102775206562
0.882168181818183
0.0235158558663826
0.882168181818182
0.0154577579006615
0.882168181818182
0.00733063845526741
0.882168181818182
-0.000762483001657565
0.882168181818182
-0.00887616853838484
0.882168181818182
-0.0165527969999065
0.882168181818182
-0.024082077285513
0.882168181818182
-0.0315529652545656
0.882168181818181
-0.0390789762351762
0.882168181818181
-0.0463055378621803
0.882168181818182
-0.0533235941264034
0.882168181818182
-0.0601279702681998
0.882168181818182
-0.0668949015795419
0.882168181818182
-0.0721394532679673
0.882168181818182
-0.075914322625986
0.882168181818182
-0.0765206507937237
0.882168181818182
-0.0682452180726999
0.882168181818182
