0
0
0.0215497237310382
0
0.0155354453843736
0
0.0136976316405587
0
0.0101187683732704
0
0.00823227505424878
0
0.00643942713650401
0
0.00520977111431066
0
0.00416553306768186
0
0.00390250597869147
0
0.00350157220985635
0
0.00280469043209959
0
0.00250001579580957
0
0.00249980714057056
0
0.00229660925724081
0
0.00222168636283003
0
0.00215925327751386
0
0.00210789878976974
0
0.00211475119523275
0
0.00224179112158532
0
0.00224889993515248
0
0.00235632567863439
0
0.00233809112132215
0
0.00235837387512537
0
0.00241125930026625
0
0.00253875010253308
0
0.00264149133828607
0
0.00271266712360565
0
0.00282188857278452
0
0.00302721016803536
0
0.00324732171914311
0
0.00344222625636737
0
0.00371443439136552
0
0.00406165716368143
0
0.00441843587290456
0
0.00491593410881025
0
0.00536474989478227
0
0.00611053993434067
0
0.00698175591056355
0
0.00780337270590433
0
0.00879884594699885
0
0.00976161819139932
0
0.0110935794701201
0
0.0138079466393635
0
0.00203599594482697
0
0.00134073871983593
0
0.00117385076992114
0
0.00103880885646597
0
0.000948094859117572
0
0.000872686408346268
0
0.000816087711036061
0
0.000791528175836488
0
0.000776903222385036
0
0.000788747936735727
0
0.00080619712059865
0
0.00082705080934029
0
0.000901364747217999
0
0.000951989449158831
0
0.00099671518510022
0
0.0010615824942659
0
0.00117820307535564
0
0.00131386591743312
0
0.00150295891723808
0
0.00170224034882432
0
0.00203784546896298
0
0.00230442910942853
0
0.00260501073836337
0
0.00288502828749586
0
0.00360210291183394
0
0.00446652571208697
0
0.00538934082889424
0
0.00625703293414343
0
0.00742417439299901
0
0.0087998212146358
0
0.0103891481586991
0
0.0120159199332166
0
0.0151650713306511
0
0.019783905058492
0
0.0275712799766142
0
0.0442404157834976
0
