0.015
0.0257733812423735
0.0299392955638848
0.0325826748960202
0.0352252420082023
0.0376391757582386
0.0463894414719374
0.0509860621281685
0.0550629251521424
0.0589412954913965
0.0623911150678563
0.070018252079715
0.07559229357595
0.0799183923847832
0.0842333534817985
0.0880419783134992
0.0920134414593927
0.0958401368935048
0.0997143607599141
0.10374965800526
0.107845179636769
0.112121358344582
0.116856845271498
0.12187797222456
0.127643315939066
0.13342480085966
0.139998870666543
0.146437170594639
0.152830225405134
0.159306507302927
0.16692925392845
0.17460337847324
0.181635906394474
0.188491838379519
0.195262424766635
0.202813156415983
0.210936231154799
0.218423578853033
0.225243716533622
0.234315467608261
0.242445913620561
0.252521963625574
0.264305315096725
0.277319408609232
0.294166352702531
0.30760493615829
0.319617688443681
0.329491223176198
0.33701740644872
0.344686677048787
0.354358618832261
0.362752517954757
0.370871289616281
0.378532139812781
0.388430263642713
0.396751333378997
0.404494927644962
0.411910593233652
0.421526233074352
0.429557355730332
0.43704613676982
0.443904272075143
0.454459465192188
0.461932883927997
0.468351720464586
0.47413388735743
0.479449334051663
0.494324354782696
0.500633581926447
0.504259467463133
0.506963733819024
0.524161220875838
0.5284676858294
0.528718226839494
0.526997195839274
0.54948399732341
0.54842575320984
0.541255834814323
0.601200366857163
0.628716463787805
