1
1
0.91898607321469
1
0.842951559226825
1
0.814406610614439
1
0.795591242859615
0.999999996836191
0.749753980046701
0.999999967291172
0.722866541734428
0.999999961350576
0.695696085500016
0.999999789013885
0.698261672430481
0.999999178082127
0.677962308445013
0.999997659907789
0.642605045480851
0.999994768489844
0.633105590036583
0.999827550411393
0.62740075323835
0.999304771320306
0.614387937960555
0.999161222537852
0.612557686973594
0.999039007546321
0.617126677782884
0.997534833822612
0.622541726475446
0.999027662474466
0.618634453481834
0.99790354715928
0.613105122382418
0.998338824233505
0.607197403048071
0.998321952451867
0.604175319943788
0.99841266677898
0.598903178487452
0.996912805316821
0.598368692710794
0.993257743518455
0.59540623105817
0.989950004938004
0.598289296827112
0.986424037863225
0.596911830164592
0.982639784609698
0.593106050318635
0.976456520600428
0.591935779832735
0.964902508083926
0.589107535144438
0.957023837566427
0.585299469925876
0.94843966232019
0.583203065182505
0.940550470987117
0.583574796924739
0.931801315697137
0.575690828361442
0.923927258104476
0.580477408399117
0.917482455732236
0.573677514970375
0.908112037613211
0.57705591546552
0.90185040250447
0.579152844922688
0.897244179785769
0.576481975971828
0.892535743582209
0.577233012180471
0.879134849959763
0.578654441231466
0.87596477531746
0.582268919740013
0.872581617542219
0.577393273251043
0.861206213306824
0.570611320968984
0.84217214097564
0.518584332241336
0.818712104840144
0
0
0
0
0
0
0
0
0
0
0
0
0
0
0
0
0
0
0
0
0
0
0
0
0
0
0
0
0
0
0
0
0
0
0
0
0
0
0
0
0
0
0
0
0
0
0
0
0
0
0
0
0
0
0
0
0
0
0
0
0
0
0
0
0
0
0
0
0
0
0
0
