0.138896457273761
0.264518080558613
0.137261375342548
0.296111630153439
0.120998081231926
0.328621469250221
0.123681540516177
0.362680240494624
0.131540193861526
0.39477584292041
0.133652007780655
0.428439281729428
0.143894532765337
0.458936865460706
0.153346559517977
0.493609442103858
0.163989860129161
0.529853971779201
0.171945218511773
0.568292520226025
0.179209213846983
0.607621612284096
0.175730778416514
0.634109578975176
0.178066669037021
0.656453563820519
0.182272926445672
0.681647325548421
0.187611027942698
0.705716638418322
0.196053178319742
0.727159020348147
0.20435272864823
0.752036671324366
0.212983772461847
0.774191240053389
0.222117858923118
0.797239250014537
0.231421480240734
0.820644072438151
0.242641784325478
0.843447008022971
0.250027414298816
0.852109894734459
0.260053743334844
0.856281443305495
0.269554635727902
0.860813318697689
0.280735488733629
0.863644282376281
0.290910339771284
0.866603441658623
0.300954812172994
0.865069830766601
0.310777337928355
0.857125576277168
0.319478038655083
0.851691967285227
0.327384609263916
0.845977796552842
0.335415794043286
0.838930434295429
0.340924209075205
0.82652910516554
0.345652817659236
0.815932071230144
0.350243740273998
0.806688143653312
0.354901083436379
0.79481963751357
0.358772256177286
0.786179193893068
0.3619214108396
0.77858747810608
0.36426269026019
0.770496961220049
0.366260919706802
0.749911079540678
0.364855111348107
0.745030079942247
0.368703587098261
0.739875603174285
0.354207280742977
0.706055965819918
0.338360368764286
0.659091576234916
0.316162709318323
0.624124195295228
0.0246369890955587
0.0485187264644894
0.0236872394438527
0.0472203776594161
0.022715233013792
0.0461325599424157
0.0215737732224346
0.044865653173678
0.0204651607247397
0.0433236593089719
0.0190702271792611
0.0417161277327296
0.0171910874566053
0.0401303644188048
0.0153333936497585
0.0380857359382972
0.0134349454450989
0.0357480373281983
0.0117001942083236
0.0330891711114718
0.00998498851848806
0.0304056194790781
0.00839646514849008
0.0275398911543793
0.00679835283139581
0.0244716603704166
0.00533149858955096
0.0214728571502583
0.00402072570535181
0.0187209909288993
0.00289950260571498
0.015827631897045
0.0019269765677381
0.0130997313182269
0.00111492186446977
0.0105235257250878
0.000507437326372219
0.00828281644965556
0.000228488990573106
0.00608021012157039
9.47591347168113e-05
0.00392270707215029
-8.7049568453213e-05
0.00197227609056842
-0.000199363657506359
0.00023104094679603
-0.000229100794093074
-0.00115633756126201
-0.000146332735265918
-0.00255647887597819
-8.07784243422491e-05
-0.00377936347635384
-5.03001048774037e-05
-0.00478547810782781
-3.21219124738581e-05
-0.00547723964237007
-1.75482963621416e-05
-0.0060863117975474
-6.67203373332007e-06
-0.00653505424097368
-2.41466555445041e-06
-0.00684465677177826
-6.23887938117532e-07
-0.00693869291670747
-9.15297181626203e-08
-0.00692385663984906
-1.34046524417028e-11
-0.00677337788651308
0
-0.00643215484900739
0
-0.00525564567940555
