1.0939009187101
1.16390778702109
1.23863828976059
1.32256395157201
1.40208428110394
1.48153607991288
1.53475391250113
1.60720421073131
1.68489671288797
1.76275209790595
1.8405256316158
1.86375005536649
1.88650620251959
1.92203140492776
1.95397743096416
1.98476085290353
2.02210503924938
2.05138000743416
2.08340357001879
2.11413555155704
2.14468406472737
2.1399389359815
2.12776132482093
2.11533395754815
2.09902035962489
2.08270273260263
2.05507752414762
2.01635085199724
1.9839117283824
1.95138464398685
1.9150075632694
1.86841600672525
1.82656619314441
1.791210233
1.750343353886
1.71598336440386
1.68283866848382
1.65049767753947
1.59965268445852
1.56885771529484
1.54577295701272
1.44994491263223
1.3299463914066
1.21371786346821
0.588856364058802
0.575144715429025
0.563073279409624
0.553148380574699
0.545585828670345
0.537886440254181
0.528194511990055
0.519793648921881
0.511672051263188
0.504020585669906
0.494136933052841
0.485830529058358
0.478128092103172
0.470741709872622
0.461155326992366
0.45316237632471
0.445738598529644
0.438955295943509
0.428510436441099
0.421149247585195
0.41491508619702
0.409279939939002
0.404129260354265
0.389439187676737
0.383533145334861
0.380381807982551
0.378177105133859
0.361543003208988
0.357892658708142
0.358377062117101
0.360917953991729
0.339554125148494
0.342321231922705
0.351862875567129
0.297774601958779
0.281415897456003
