0
0
0.158352
0.198996518313282
0.276564538184932
0.356719153083696
0.42216914282498
0.570993310888628
0.58142251436988
0.748258363069213
0.765343235499781
0.953798841891102
1.01999205695023
1.12182588815235
1.25386364368582
1.37714934195871
1.49630662715488
1.59785937327636
1.80631998702788
1.92938876291955
2.15293635445393
2.27910291883289
2.52241110701833
2.69006886133489
2.90074626198301
3.09626584699785
3.26161022784985
3.45292677667737
3.68116625668868
3.90951968266149
4.09171180691622
4.2957500531251
4.52656770155748
4.71303539667786
5.03338650693664
5.19314890783629
5.52495660312853
5.61861592990602
6.04674638301787
6.10270700991672
6.58619643233629
6.55635402074549
7.22890452243019
7.10761447570425
7.88975457917682
7.5673028512563
8.56224314368372
8.01600432375952
9.26672753056865
8.46496790696742
9.95987301957548
8.90156108598927
10.6847970870359
9.31630094284831
11.3732449288068
9.7202601709535
12.0417251132617
10.1208810392733
12.6689629681332
10.4829074447617
13.2837158649664
10.809883922392
13.8242316551479
11.1281803752283
14.3413616788224
11.4227515714493
14.8087385760059
11.6891640518991
15.2535209000512
11.937053683816
15.6394346378053
12.1660237663242
16.024464886034
12.363328922506
16.388059168892
12.5490385927637
16.7040673607802
12.7126270769692
16.9534266564777
12.8620636907308
17.1902252610428
12.9777982837508
17.3355894806934
13.1077035367133
17.3803319598176
13.1874028825499
17.3279737117829
13.1958989269544
17.024555007287
13.2017653662754
16.8469538000784
13.0449286097289
16.6580102924513
12.9218679410646
16.4684669033016
12.7547967401854
16.3055473076645
12.5397445479634
16.089831267157
12.3105226157027
15.7294749156194
12.0917559632724
15.3563428977021
11.8043065993307
14.9257665760665
11.4675950489565
14.3489123173992
11.0666144150578
13.7020381140816
10.6525926427759
13.1078612747902
10.1942031981388
12.5117314799191
9.67179184413181
11.9273268304689
9.14829671893543
11.3003080385279
8.66053971394829
10.7001214430942
8.14210303094469
10.1079832927057
7.63736270389264
9.52052240627215
7.14323568993935
8.89837196812054
6.69859703880235
8.32231388790176
6.24216602843887
7.76218309631527
5.77956949326866
7.20156044242163
5.33973134246244
6.65922162371284
4.92559520753828
6.049572011317
4.53889255865929
5.45904702549927
4.11776901322113
4.92224777937171
3.71923774013125
4.42172540826756
3.35582064132934
3.92399230943772
3.05407042340311
3.50193975463747
2.75493016882016
3.12073702116972
2.48649463615443
2.77977013386591
2.25748216955689
2.41638625825148
2.01350056940878
2.08619301909316
1.74828028279756
1.71025770420143
1.48506859149026
1.31800191155912
1.25933358810851
0.837466403251371
0.785387296423931
