0.83227959077247
1.12345993596997
0.821848369818818
1.21808884699811
0.767388647277105
1.31424389078128
0.776851367188248
1.41189849325539
0.811082856204648
1.50309459259711
0.818829516886749
1.59673430316955
0.865177913332066
1.67924218051259
0.89893591316927
1.77149227702869
0.939478527530382
1.86755748427403
0.963700851282993
1.96628823880816
0.977569990947874
2.06580376738653
0.955436295262102
2.12679377897314
0.952153859913429
2.17560730034403
0.957379392970129
2.23280321795398
0.969436286707425
2.2844434617476
0.992407013725344
2.32976214423622
1.0167678437576
2.3836806341496
1.03506887872683
2.42836591351767
1.05422398866752
2.47653436297894
1.0729768565418
2.52399619180196
1.0969430470175
2.57017013285018
1.10503543823928
2.57640334081259
1.12182173804283
2.57247918023236
1.13613169253459
2.5697188233929
1.15686263720539
2.56277536953515
1.17403947474284
2.55610837295331
1.18919661080029
2.53781945810362
1.20490817891865
2.50249412646845
1.21749315298968
2.47525437564788
1.22781509130564
2.44790166190133
1.24054470455712
2.41791126565498
1.24625119944459
2.37507380168643
1.24645443319195
2.3371901329746
1.2534289934436
2.30378355790471
1.25484350099838
2.26342694797859
1.25935656961331
2.23297525103769
1.26300624624516
2.2057994428486
1.26362170331224
2.17781586005878
1.26466614606903
2.11792495756974
1.25867305302092
2.09935605364788
1.26695433758696
2.08066136447677
1.22061298130704
1.98418190580487
1.16784124669859
1.85574598978624
1.08105591350906
1.75567328293739
0.882168181818182
0.882168181818181
0.882168181818182
0.882168181818182
0.882168181818182
0.882168181818182
0.882168181818182
0.882168181818182
0.882168181818182
0.882168181818182
0.882168181818182
0.882168181818182
0.882168181818182
0.882168181818182
0.882168181818182
0.882168181818182
0.882168181818182
0.882168181818182
0.882168181818182
0.882168181818182
0.882168181818181
0.882168181818182
0.882168181818182
0.882168181818182
0.882168181818182
0.882168181818182
0.882168181818181
0.882168181818182
0.882168181818182
0.882168181818181
0.882168181818182
0.882168181818182
0.882168181818182
0.882168181818181
0.882168181818182
0.882168181818182
0.882168181818182
0.882168181818183
0.882168181818182
0.882168181818182
0.882168181818182
0.882168181818182
0.882168181818182
0.882168181818182
0.882168181818182
0.882168181818182
0.882168181818182
0.882168181818182
0.882168181818182
0.882168181818182
0.882168181818182
0.882168181818182
0.882168181818182
0.882168181818181
0.882168181818182
0.882168181818181
0.882168181818181
0.882168181818182
0.882168181818182
0.882168181818182
0.882168181818181
0.882168181818182
0.882168181818182
0.882168181818182
0.882168181818182
0.882168181818182
0.882168181818182
0.882168181818182
0.882168181818182
0.882168181818182
0.882168181818182
0.882168181818182
