0
0
0
0
0
0
0
0
0
0
0
0
0
0
0
0
0
0
0
0
0
0
0
0
0
0
0
0
0
0
0
0
0
0
0
0
0
0
0
0
0
0
0
0
0
0
0
0
0
0
0
0
0
0
0
0
0
0
0
0
0
0
0
0
0
0
0
0
0
0
0
0
0
0
0
0
0
0
0
0
0
0
0
0
0
0
0
0
0.882168181818182
0.882168181818181
0.882168181818182
0.882168181818182
0.882168181818182
0.882168181818182
0.882168181818182
0.882168181818182
0.882168181818182
0.882168181818182
0.882168181818182
0.882168181818182
0.882168181818182
0.882168181818182
0.882168181818182
0.882168181818182
0.882168181818182
0.882168181818182
0.882168181818182
0.882168181818182
0.882168181818181
0.882168181818182
0.882168181818182
0.882168181818182
0.882168181818182
0.882168181818182
0.882168181818181
0.882168181818182
0.882168181818182
0.882168181818181
0.882168181818182
0.882168181818182
0.882168181818182
0.882168181818181
0.882168181818182
0.882168181818182
0.882168181818182
0.882168181818183
0.882168181818182
0.882168181818182
0.882168181818182
0.882168181818182
0.882168181818182
0.882168181818182
0.882168181818182
0.882168181818182
0.882168181818182
0.882168181818182
0.882168181818182
0.882168181818182
0.882168181818182
0.882168181818182
0.882168181818182
0.882168181818181
0.882168181818182
0.882168181818181
0.882168181818181
0.882168181818182
0.882168181818182
0.882168181818182
0.882168181818181
0.882168181818182
0.882168181818182
0.882168181818182
0.882168181818182
0.882168181818182
0.882168181818182
0.882168181818182
0.882168181818182
0.882168181818182
0.882168181818182
0.882168181818182
