1
0.993857821192624
0.986501873084268
0.983048555755655
0.980279828548274
0.974782955993722
0.966337718795296
0.960248414220202
0.958327464193652
0.953371689371947
0.946327930735961
0.939251186444128
0.934269708889782
0.929379972698126
0.926544481508179
0.924321613922157
0.924665254253378
0.921256958774867
0.918748451949148
0.915681577136531
0.913281627907252
0.909036265113044
0.90386535709794
0.898288539913716
0.893473208950219
0.887578350869186
0.878839481615789
0.867055810615506
0.857780603099212
0.847824446922777
0.838295441390363
0.829053697234943
0.818533167078484
0.813097635817595
0.802262530934915
0.796510018364514
0.79136697517545
0.785026587513564
0.774599509945259
0.770237338483063
0.767104034695113
0.755138826953909
0.737251291833897
0.698519181207765
0
0
0
0
0
0
0
0
0
0
0
0
0
0
0
0
0
0
0
0
0
0
0
0
0
0
0
0
0
0
0
0
0
0
0
0
