0
0.00163382101890145
0.00133525307515518
0.0012510932625522
0.000976199948903361
0.000829557250178411
0.000782170401845752
0.000680555516620015
0.000575284473882476
0.000565025323933878
0.000525807810274209
0.000463288176843091
0.000437179152288539
0.000453357012088097
0.0004307882185658
0.000427584975898182
0.000426489433792888
0.000425985806881713
0.000436913577676615
0.000473666150459748
0.000485624178772007
0.000520253115185273
0.000529281692100916
0.000547903727749202
0.000577450372222902
0.000625666928918456
0.000672634007094118
0.000711660047051728
0.000761187659871605
0.000838748806905371
0.00092922174082528
0.00101566230882304
0.00112417714781456
0.00125806825429179
0.00139844790466236
0.00159438170318046
0.00178566549930554
0.00207856718947443
0.00241747527400807
0.00277498122423193
0.00319683227554106
0.00364813996124807
0.00428614031286945
0.00552970310469553
0.000854534943151305
0.000581469769132772
0.000522786035123163
0.000471421932714413
0.000435053300883473
0.000404935484787127
0.000384949004133776
0.000377985058455534
0.000375159061287259
0.000384543664505868
0.000399014877372966
0.000413680619173102
0.000454837929952207
0.000484121288092777
0.000513378248536839
0.0005515502368604
0.00061655348128235
0.000691386200469643
0.000801719815105716
0.000913949695010115
0.0010986248434242
0.00124564547824944
0.00141041258774634
0.00159536064125046
0.00199854544312641
0.00247309362750238
0.00297265713470122
0.00353604226664367
0.00419216271936021
0.0049271071384132
0.00574696801282093
0.00686994065372204
0.00857880331436336
0.0109505285632703
0.01680678699776
0.0279641794256269
