0.05
0.0758163324640792
0.085948812030729
0.0913364657031442
0.0964741866690101
0.100768893739801
0.121465836209523
0.130630598098754
0.138105847327392
0.144785255171687
0.150163349136181
0.165183355546399
0.174870556026614
0.181356795382472
0.187575756392865
0.19245964824374
0.197517094559626
0.202090256396156
0.206602828106466
0.2112891544172
0.215938544521804
0.220789986673993
0.226373423719096
0.232322675182312
0.239480827366489
0.246446835509405
0.254641761396255
0.262346987162139
0.269744052693228
0.277069896157793
0.286150194280867
0.295059718095021
0.302650963610448
0.309742601010541
0.316502931102418
0.324329347767912
0.332851583825421
0.340160969703034
0.346256057211966
0.355613057176197
0.363324042129803
0.373722869478991
0.386362248939931
0.400472514061688
0.419713479942088
0.433693575437224
0.445359877523685
0.453810082365096
0.458871068332122
0.464010303030245
0.471700527931079
0.477538349226897
0.482890340106388
0.487536824625267
0.494934634691666
0.500187672270197
0.504610293841682
0.508536400818877
0.515070158668466
0.519554758899644
0.523299840391473
0.526222798914209
0.53342763126154
0.536909899733814
0.539110968008419
0.540544064971626
0.541422945777356
0.552979202375585
0.554827413886652
0.553695150754396
0.551580838748166
0.565130838188203
0.564663826231428
0.559909913876259
0.553170281627839
0.571736553830631
0.565694887107072
0.553506930552614
0.609575870689188
0.632095764254956
