1.0939009187101
1.17011056600219
1.25129623505161
1.34360886780411
1.43039460156538
1.51809885781934
1.57835000436692
1.66096543351294
1.74767480222308
1.83864988133395
1.93040611680459
1.96978175082539
2.00855203250539
2.05830725673481
2.10821408738798
2.15459250488889
2.20872674338792
2.25738852095832
2.30693728236573
2.35729721086172
2.40671036645537
2.42479444700649
2.43284393724442
2.44050237332811
2.44472186785173
2.44857221419385
2.44099597859926
2.42179582163024
2.40871123289784
2.39408980004464
2.37478919806369
2.34434740465047
2.31768488531055
2.29616933190739
2.26841391712772
2.24609109665275
2.22433075604717
2.20261605253598
2.16102270727406
2.13876296539051
2.12290709594987
2.03380722081208
1.91795594671328
1.80221541253654
0.298083315681107
0.280148764179069
0.263814145199888
0.24811268493524
0.233693092888699
0.217879753683567
0.197948177710114
0.177269088031205
0.154629217336873
0.128142080660799
0.0980444892824362
0.0693118285926176
0.0396992570846002
0.0105507943512244
-0.0207180089248524
-0.050712008917137
-0.0798366142223652
-0.10813554568996
-0.139578754445905
-0.167572163644213
-0.194414991184835
-0.220288606859956
-0.244880520905225
-0.27935367968529
-0.306155708963389
-0.328845924856432
-0.349213602350912
-0.382333616555193
-0.401398107438227
-0.415053697426494
-0.425141341844692
-0.459730195533994
-0.470848321609506
-0.476867341771887
-0.549396511558852
-0.595984212617576
