0.258236999394371
0.284068186422693
0.310776485700253
0.340850943930946
0.369380397775165
0.398733894245038
0.420669985078464
0.449160698240859
0.479325998633088
0.510907275010717
0.543289771723315
0.558393030587562
0.572797781533883
0.591082384831099
0.608532586641971
0.624942576811165
0.643859730230014
0.660776679036377
0.678417544110525
0.696147729169248
0.713710002476637
0.719176111902429
0.721311337546976
0.723450519745377
0.724048802195538
0.724725698473895
0.721422588801843
0.713792762005015
0.708130425276747
0.702291236002561
0.694849622164018
0.683246661419564
0.673601601970907
0.665307866933899
0.655584125701801
0.647558580552228
0.639899517690123
0.632311917683739
0.61706988784786
0.60983489709862
0.605019885968075
0.574562065610554
0.535173145611344
0.500794084771884
0.0384952393663125
0.0370142068054501
0.0357034220895518
0.0342955632145663
0.032834555643157
0.0312081965545219
0.029309895365378
0.0272206199607831
0.0249732607999434
0.0226612572301278
0.0202987419544251
0.0179645854612168
0.0155535274599969
0.0132643887634692
0.0111493229877382
0.00911076080006459
0.00725303054056305
0.00557250386767836
0.00413521438176209
0.0029383631158564
0.00185901835411469
0.000859119827740497
-1.98998194150713e-06
-0.000643594913339617
-0.00121926372563791
-0.00173147486840233
-0.00217364465333856
-0.00240003569564038
-0.00265950057847449
-0.00287974832156643
-0.00305973177891258
-0.00297194523995984
-0.00300711811751767
-0.00302426629049584
-0.00251126845651603
-0.00193357430702844
