1
1
1
1
1
0.999701707219538
1
0.969565452753523
1
0.959819710397496
1
0.554949754968411
1
0.544775156786192
1
0.498520322967421
1
0.461202458772559
1
0.449125144964859
0.999999998047294
0.220616005654618
0.99999940685748
0.167099454576422
0.999984591263167
0.152971365513703
0.99983166754433
0.127612104814923
0.999299281827063
0.129072703437289
0.997779331172588
0.121015973876106
0.995644011493589
0.124098820254942
0.992480698904401
0.126850198840384
0.989450827913128
0.125732562851098
0.983720632347451
0.128924576995078
0.974457146818078
0.131969730116801
0.953977661914058
0.134890400013565
0.931455991964934
0.137775484147437
0.898900376490186
0.133302297849176
0.87175467814879
0.133921476260038
0.826598649102949
0.135226843830765
0.795630729524826
0.137378164867847
0.768414230339177
0.140112609409174
0.743089978288464
0.142093562822694
0.696301321823742
0.143980582513542
0.670905245560722
0.133323558951539
0.653087796365697
0.135481016902289
0.636703204185285
0.138125965035175
0.622573574225749
0.141367374750476
0.60565832958663
0.130524438812065
0.576870474529962
0.133558873906578
0.564071757338402
0.13759218361263
0.560743424056426
0.14020450588612
0.529275846459379
0.129653421904695
0.518574479587505
0.131963900123908
0.492930524241147
0.108602570437069
0.458879041761423
0.0825743993906957
0.418877694107369
0.0612707284140691
0.351380613245808
0.0249844017301143
0.341424402890854
0
0.322110575542572
0
0.32083057823787
0
0.334626112396875
0
0.335797038558485
0.00457829908253139
0.323171518868516
0
0.328685164267088
0
0.332262714865899
0
0.339073095608679
0
0.325941246190579
0
0.333863785633535
0
0.341378656981349
0
0.347958499422961
0.00464525479539875
0.338769126170413
0.005063905798166
0.348414684058271
0.00514525476635838
0.357391079275242
0.00525907966884455
0.369237509542907
0.00547201992224262
0.354067894307776
0.00583679117478007
0.369884651996325
0.00630153520614776
0.384340137564519
0.00715941401118032
0.400160227688981
0.00786754647073528
0.416998757632528
0.00922353671402672
0.373757958062945
0.0100419302522566
0.406134697874227
0.009450911699306
0.4340344725081
0.00998806211249998
0.461049085439463
0.0111024252210962
0.401521114548163
0.0159991814698503
0.445263176648233
0.0224716408282178
0.485123244256251
0.0265708397757736
0.528118010989826
0.0296600017749822
0.436333278916964
0.0327100555380292
0.51441868057464
0.0399377272246585
0.581363089008566
0.0445824564412155
0.306565928791168
0
0.320509568431528
0
0
0
