1
1
0.999727345129657
0.972345236734291
0.963696071157023
0.599796975818872
0.600069423030506
0.564028913112556
0.53561354974169
0.528883701418788
0.337650916215431
0.304680663528642
0.301089039262408
0.285795049581429
0.292306112111926
0.289757541214388
0.296243894205813
0.301785688542654
0.304179199100124
0.309533712729639
0.313895236657209
0.315736665653412
0.317443658041195
0.311168091593493
0.310618381906822
0.305613237400519
0.304996757375703
0.304945646689249
0.304208771584534
0.297012032400014
0.287152663016593
0.288205927334834
0.289020846898192
0.290417434598344
0.280905707908311
0.277337836194709
0.279546585196444
0.283255432088796
0.268025107004486
0.269447670223619
0.248238156116643
0.22320805013575
0.199436559915917
0.155697113136015
0.14330042427447
0.1396972871932
0.142885067029871
0.151856703628338
0.156564995917481
0.149954914400925
0.155040965507899
0.158668188366709
0.163735122459401
0.158908360182158
0.165240750779311
0.170753395798227
0.177884652046654
0.174765157500739
0.181953094177777
0.188210935825196
0.195830442580662
0.189083936934408
0.20024681596222
0.209671478475731
0.219356833584922
0.229644012224016
0.206966133455958
0.228808795373641
0.245260635360209
0.260235709082142
0.228645692673
0.261404175845061
0.285498795017342
0.308751582785397
0.255982427686091
0.311215832351249
0.348236515782666
0.16968636625721
0.195374899240864
0
