1.1089009187101
1.18804734724456
1.26724233224932
1.35389553320547
1.43633332316324
1.51834569842094
1.58036118357122
1.65750971734286
1.73938435356623
1.82112836807341
1.90239093887338
1.93330501926936
1.96166131694325
2.00149644030045
2.03777999622739
2.07237524624114
2.11369199127498
2.14679415852078
2.18268101720103
2.21741154341184
2.25204362018537
2.25154004121089
2.24408888840033
2.23666402604496
2.22608622519174
2.21550186653337
2.19440376080707
2.16207636254483
2.13598076612766
2.10985240248287
2.08100759545703
2.04200372288967
2.00707792239107
1.97844400312523
1.94420733074797
1.91720213911666
1.89198923413931
1.86684268920303
1.82247892571813
1.80039820167887
1.78502203835774
1.69881873629655
1.58996556619045
1.48550756897274
0.882168181818182
0.882168181818182
0.882168181818182
0.882168181818182
0.882168181818182
0.882168181818182
0.882168181818182
0.882168181818182
0.882168181818182
0.882168181818182
0.882168181818182
0.882168181818182
0.882168181818181
0.882168181818182
0.882168181818182
0.882168181818182
0.882168181818182
0.882168181818182
0.882168181818181
0.882168181818182
0.882168181818182
0.882168181818182
0.882168181818182
0.882168181818182
0.882168181818182
0.882168181818182
0.882168181818181
0.882168181818182
0.882168181818182
0.882168181818182
0.882168181818182
0.882168181818182
0.882168181818182
0.882168181818182
0.882168181818182
0.882168181818182
