0.95
0.924183667535921
0.914051187969268
0.908663534296854
0.903525813330993
0.899231106260201
0.878534163790477
0.869369401901247
0.861894152672608
0.855214744828314
0.849836650863822
0.834816644453604
0.825129443973384
0.818643204617528
0.812424243607133
0.807540351756257
0.802482905440371
0.797909743603845
0.793397171893535
0.788710845582801
0.784061455478198
0.77921001332601
0.773626576280906
0.767677324817686
0.760519172633516
0.753553164490592
0.745358238603747
0.737653012837857
0.730255947306772
0.722930103842208
0.713849805719134
0.704940281904981
0.697349036389552
0.69025739898946
0.683497068897584
0.675670652232089
0.66714841617458
0.65983903029697
0.653743942788032
0.644386942823806
0.636675957870199
0.62627713052101
0.613637751060069
0.599527485938309
0.580286520057912
0.566306424562776
0.554640122476316
0.546189917634905
0.541128931667878
0.535989696969757
0.528299472068922
0.522461650773102
0.51710965989361
0.512463175374734
0.505065365308334
0.499812327729805
0.495389706158319
0.491463599181123
0.484929841331533
0.480445241100358
0.476700159608526
0.473777201085789
0.466572368738458
0.463090100266186
0.460889031991581
0.459455935028375
0.458577054222647
0.447020797624417
0.445172586113349
0.446304849245602
0.448419161251833
0.434869161811797
0.435336173768572
0.440090086123742
0.44682971837216
0.428263446169369
0.434305112892926
0.446493069447385
0.390424129310812
0.367904235745044
