0.288111481221084
0.246623854267908
0.246853620471649
0.277181347698882
0.281620242954223
0.243834056892738
0.283860877038964
0.245021138026478
0.292289228240939
0.293179258141096
0.312151156736725
0.309125880335123
0.272803674031729
0.334909141410205
0.292034457596901
0.29381049367432
0.33091028339579
0.300210266824064
0.323480847055737
0.302777202771894
0.354381758608202
0.319921888691608
0.321664971450277
0.337726306429914
0.324125933139966
0.326591248577653
0.329740646588696
0.341881024358741
0.339175505519177
0.343041880070849
0.34628299431801
0.351163994175471
0.353076535801856
0.356705539222389
0.359009304162549
0.362866282846159
0.368992063655219
0.365854065670007
0.377467461500899
0.377140784969661
0.381978096216531
0.374067758814172
0.374291139219847
0.367827040309948
0.315853734525015
0.327525190906881
0.327176227545045
0.326656566152044
0.336926359767812
0.35646219964313
0.367324011876956
0.373636963614123
0.370045918044316
0.365697222280375
0.364613602653294
0.355328770096664
0.35445954703099
0.355430471595
0.360233443487776
0.35776326060034
0.355156322889615
0.351747294241133
0.347630211234963
0.347651459607472
0.342072469666284
0.337083603973476
0.316361731941782
0.322114946785992
0.314305961369931
0.305118091154305
0.298703416830045
0.294201808651161
0.285356466879352
0.280963973423662
0.267255530248634
0.265342987050029
0.271261259442637
0.283567779163486
0.331531163690465
0.3310509425432
