NaN
0.0479844575453637
0.153500283554419
0.234993506919211
0.249893937918363
0.264821728259805
0.301407274549859
0.315905089390184
0.348680863152696
0.356765544889075
0.366739445668254
0.369922531427928
0.377766109645524
0.393969930124118
0.397294720741469
0.409360023105468
0.420841829650463
0.4263814874056
0.43671487872855
0.442610792552858
0.45286655163036
0.455475362181433
0.463253194849799
0.470536108465554
0.475276547040034
0.481627411893734
0.487552406776547
0.492861197938333
0.496006190382727
0.499453183208471
0.502456933212594
0.505194512194636
0.507438410880431
0.509832037682971
0.511999475618585
0.514234691471269
0.516211799017977
0.517824193728461
0.520031581688395
0.521122467573164
0.522682033207913
0.524055880492059
0.527170786288776
0.531325926192118
0.538489692649715
0.535895955766291
0.532490218609742
0.529748522887163
0.527461981475712
0.524676888423077
0.520827807102566
0.516531669683358
0.512045257448834
0.508909087615167
0.506090099663128
0.503048947625685
0.500932378991472
0.498373778749256
0.495064651543694
0.490526724912531
0.485402102465119
0.479691279478483
0.473273607484322
0.466402203376742
0.458164298603908
0.449096727049563
0.438791277905284
0.430776178356296
0.420507360720732
0.408822071749605
0.39579303460053
0.380500532793424
0.364397020960518
0.347222666154786
0.327866717124048
0.313464357505308
0.307210890391452
0.294297957282429
0.272586044487121
0.262649917857316
