0.243835421131523
0.269785317912941
0.290692525581122
0.307063321010904
0.318368257080695
0.330876041823299
0.347894011630957
0.35974425870058
0.369833805649986
0.379780019627998
0.390027959582932
0.403701539397119
0.414041550082926
0.423477782459119
0.430355072633153
0.436343478085268
0.441716725509733
0.446958973467453
0.452346064360013
0.457340111544891
0.462092463729146
0.466166225369101
0.469985419311467
0.474051485916186
0.477017643107907
0.480552730916746
0.484274847236868
0.48743992626204
0.489651469085761
0.492488887063579
0.49494057819785
0.496745514731274
0.499937257522666
0.501638284353418
0.505161939786988
0.507559764018346
0.510002927177842
0.512878430965263
0.513404006494319
0.517230880247427
0.520571620180085
0.527792482926823
0.535384676908011
0.55980895480832
1.26299095582026
1.3417915373341
1.42232307872721
1.50554451103586
1.58664378399227
1.68612647011217
1.83732597746531
2.02343620904227
2.2835033207029
2.71506211154845
3.50285912901915
4.87695273503145
8.36302763526699
30.8978545863812
-15.5026083135337
-6.2263186218267
-3.89258102672367
-2.8318397017912
-2.17542032666418
-1.79615624329549
-1.53599806195717
-1.34839925812401
-1.20873381469693
-1.06656741877359
-0.974745722319606
-0.908694507581637
-0.857724207656504
-0.792939670668206
-0.759068474421885
-0.737008453398412
-0.722226056319961
-0.677914590658345
-0.664812700351606
-0.658159295189825
-0.586557652556383
-0.544116561317509
