0.234111800982019
0.254638725264144
0.271112720728219
0.285154209033328
0.296510137618251
0.308823619165732
0.320690090752329
0.331909098389991
0.340702195235036
0.350623789459317
0.361039609356339
0.372362371916342
0.381290451293453
0.389451053343356
0.396199711271477
0.40176986561983
0.40638364672217
0.411838707339815
0.416617170260656
0.421446248035929
0.425572030646146
0.429693619963438
0.433260329874637
0.436939628427829
0.439580771865008
0.442703995765738
0.44599551466219
0.449196551953124
0.45090494755351
0.453107412791154
0.454521331018175
0.455015946625843
0.45706329093415
0.457231470469525
0.459527234703825
0.460244087285428
0.460852787757816
0.462911648250321
0.460888778506177
0.462709847986316
0.464732200968106
0.467903097045251
0.468837525320423
0.486553754745877
3.5527136788005e-15
1.99840144432528e-15
3.33066907387547e-15
-4.44089209850063e-16
5.55111512312578e-16
6.66133814775094e-16
-8.88178419700125e-16
2.22044604925031e-16
-6.66133814775094e-16
1.22124532708767e-15
-8.88178419700125e-16
2.66453525910038e-15
-1.11022302462516e-15
-1.33226762955019e-15
-3.77475828372553e-15
1.66533453693773e-15
-1.11022302462516e-15
-1.33226762955019e-15
1.66533453693773e-15
-1.55431223447522e-15
9.99200722162641e-16
2.1094237467878e-15
1.11022302462516e-15
-8.88178419700125e-16
-1.99840144432528e-15
-4.44089209850063e-16
-1.33226762955019e-15
0
6.66133814775094e-16
4.44089209850063e-16
0
3.10862446895044e-15
6.66133814775094e-16
1.11022302462516e-16
-1.77635683940025e-15
-6.66133814775094e-16
