0.243835421131523
0.26968160881687
0.291344730415895
0.308112406982464
0.320280815533616
0.333540486093567
0.350802061422977
0.363434348191412
0.373331591526004
0.384083292915602
0.395148475603801
0.410527936547805
0.422218615412359
0.431987005917858
0.440264179906611
0.446891789771607
0.452337504357369
0.458879313290005
0.464605639642549
0.470439850849947
0.475505984101265
0.481504387200308
0.487091959248874
0.49292270100004
0.497926867432382
0.503283233210164
0.509603439744312
0.516019436969697
0.52082650904439
0.526303349567668
0.531450538397959
0.536090387164731
0.542424325100205
0.546409926187066
0.552914675232078
0.558037020241429
0.563190503192328
0.569394396067448
0.572330092723142
0.580172492810901
0.586733943624209
0.602270788861786
0.62102856788596
0.665256274915176
0.33661048974179
0.355066327553179
0.371866979935066
0.386461244464102
0.3984333655385
0.410859675118503
0.426212395156006
0.440247730189228
0.454272789415123
0.468003322704916
0.48535770390682
0.500913699193333
0.515977350076389
0.530996347722065
0.550049632958084
0.567083682347551
0.583643971057986
0.5995546031398
0.622699563672126
0.640860936591796
0.657279007139107
0.673003725823013
0.688109358262519
0.72461346728948
0.742502028757226
0.754252711586846
0.763833382729677
0.809923334532025
0.823998531249572
0.826972507980016
0.824117984140509
0.888095915945677
0.882459893514319
0.855825559451042
1.02384971436755
1.06475180373535
