0.95
0.941535565880336
0.933722082098671
0.929567487528435
0.925605624178265
0.922293836197455
0.906333752266027
0.899266506986799
0.893502099742977
0.888351391614804
0.884204168845548
0.87262175451994
0.865151639890637
0.860149890252004
0.855354247618443
0.851588120135313
0.847688159172562
0.844161645686344
0.840681855212533
0.837068076928192
0.833482781350937
0.829741676883421
0.825436107401551
0.820848446551594
0.815328563128213
0.809956848209902
0.803637474942221
0.797695725328043
0.791991608070379
0.78634241245929
0.779340299930901
0.772469877013553
0.766616021269039
0.761147429553994
0.755934319654871
0.749899115805494
0.74332734304436
0.737690838412601
0.732990718655572
0.725775232358798
0.719829041648091
0.711810168448619
0.702063532812324
0.69118264951435
0.67634531637579
0.665564811100767
0.656568547003224
0.650052319850156
0.646149629347553
0.64218659870932
0.636256416748943
0.631754683316854
0.627627589483461
0.624044534497642
0.618339843104638
0.614289055372544
0.610878628369565
0.607851079881597
0.60281268719052
0.599354466431914
0.596466512569788
0.594212524406113
0.5886566443942
0.585971354179448
0.584274039010656
0.583168931439907
0.582491197931896
0.573579793481182
0.572154577612566
0.573027702454539
0.574658117049644
0.564209272798852
0.564569400872745
0.568235296949046
0.573432446069455
0.559115391118769
0.563774316374743
0.573172845159674
0.529936266044914
0.512570445370569
