1.11022302462516e-16
0.00612998181401758
0.0133704318135991
0.016725412354291
0.0193886692247802
0.0246377054774946
0.0325849780727175
0.0382042884410592
0.0399489769624386
0.0444469439472878
0.0507383636305475
0.0569295994899294
0.0612176073833757
0.0653819579533972
0.0677582294591066
0.069611528047698
0.0693282619206902
0.0721522939842856
0.074219961446606
0.0767257390911956
0.0786810156913438
0.082088181509699
0.0861733842961988
0.0905031794388182
0.0941985900562302
0.0986365317374013
0.105044852467832
0.113308552224094
0.119568509314708
0.126162749021981
0.13226233389911
0.137898305545042
0.144254317391978
0.147566414134337
0.153668261774673
0.157145760776907
0.160139098551351
0.165827891351253
0.171233281730293
0.174934784972851
0.178316013514232
0.186545374264087
0.197715452950582
0.217516119843011
NaN
NaN
NaN
NaN
NaN
NaN
NaN
NaN
NaN
NaN
NaN
NaN
NaN
NaN
NaN
NaN
NaN
NaN
NaN
NaN
NaN
NaN
NaN
NaN
NaN
NaN
NaN
NaN
NaN
NaN
NaN
NaN
NaN
NaN
NaN
NaN
