1.11022302462516e-16
0
0.000272654870343225
0.0276547632657089
0.0363039288429773
0.400203024181129
0.399930576969494
0.435971086887445
0.464386450258308
0.471116298581211
0.662349083784576
0.69531933647136
0.698910960737592
0.714204950418571
0.707693887888071
0.71024245878561
0.703756105794186
0.698214311457349
0.695820800899873
0.690466287270363
0.686104763342789
0.684263334346589
0.682556341958808
0.688831908406507
0.689381618093179
0.694386762599478
0.695003242624301
0.695054353310748
0.695791228415465
0.702987967599987
0.712847336983408
0.711794072665169
0.710979153101809
0.709582565401658
0.719094292091689
0.72266216380529
0.720453414803554
0.716744567911207
0.731974892995512
0.730552329776384
0.751761843883357
0.776791949864253
0.800563440084081
0.844302886863985
0.856699575725528
0.860302712806804
0.85711493297013
0.848143296371664
0.843435004082518
0.85004508559908
0.844959034492101
0.841331811633292
0.836264877540598
0.841091639817842
0.834759249220694
0.829246604201774
0.822115347953348
0.825234842499262
0.818046905822223
0.811789064174808
0.804169557419338
0.810916063065593
0.799753184037782
0.790328521524267
0.780643166415078
0.770355987775982
0.793033866544044
0.77119120462636
0.75473936463979
0.739764290917856
0.771354307326999
0.738595824154939
0.714501204982657
0.691248417214604
0.744017572313909
0.688784167648752
0.651763484217333
0.830313633742788
0.804625100759135
NaN
