NaN
0.997653365279562
0.998132458972632
0.998254927935545
0.998624202293756
0.99884663803901
0.998894111740282
0.999056530429188
0.999200404298241
0.999203059144622
0.999238128233536
0.999337515384947
0.999383217050478
0.999348289275893
0.99939502746231
0.999400131418521
0.999399847001603
0.999404221010959
0.999387875245379
0.999340290795548
0.999327309146847
0.99927469054464
0.999271542749613
0.999254961693728
0.999224428151041
0.99916834191156
0.999114643533096
0.999070558568152
0.999014091451355
0.998927137715109
0.998820369017712
0.998719837654102
0.998599288385244
0.998435827609198
0.998274502547787
0.998074338456137
0.997884970623061
0.997558365960688
0.997214393277488
0.996851958636684
0.996433386908364
0.995990925217945
0.995350708532481
0.993986787444308
0.998248776243538
0.998999216168522
0.99907859112912
0.999172382367428
0.999263791065998
0.999327763676802
0.999380928477423
0.999396160472928
0.999424926963134
0.999420218790205
0.999414486599145
0.999405824320454
0.999336349914663
0.999300376875111
0.999270831742187
0.999232061247296
0.999155714453655
0.999088942692942
0.998950912016753
0.99882664211258
0.99856337928674
0.998412841906709
0.998245152225699
0.998050556951312
0.997473124016833
0.996849281386003
0.996262209548353
0.995657384015386
0.994932245003052
0.994166815605395
0.993348614398634
0.992201512205294
0.990439772998561
0.988097019476571
0.982001896079995
0.972871846651379
