0.05
0.0758163324640792
0.0859488120307287
0.0913364657031442
0.0964741866690098
0.100768893739801
0.121465836209523
0.130630598098754
0.138105847327392
0.144785255171686
0.150163349136182
0.165183355546399
0.174870556026614
0.181356795382472
0.187575756392864
0.192459648243739
0.197517094559626
0.202090256396157
0.206602828106467
0.211289154417201
0.215938544521805
0.220789986673991
0.226373423719097
0.232322675182311
0.23948082736649
0.246446835509403
0.254641761396255
0.262346987162137
0.269744052693228
0.277069896157791
0.286150194280866
0.295059718095021
0.302650963610449
0.309742601010539
0.316502931102418
0.324329347767911
0.332851583825421
0.340160969703034
0.346256057211966
0.355613057176198
0.363324042129802
0.37372286947899
0.38636224893993
0.400472514061687
0.419713479942089
0.433693575437225
0.445359877523685
0.453810082365093
0.458871068332124
0.464010303030242
0.47170052793108
0.477538349226898
0.482890340106388
0.487536824625268
0.494934634691665
0.500187672270197
0.504610293841677
0.508536400818874
0.515070158668461
0.519554758899647
0.523299840391471
0.526222798914208
0.533427631261543
0.536909899733813
0.539110968008421
0.540544064971628
0.541422945777356
0.552979202375583
0.554827413886651
0.553695150754399
0.551580838748167
0.565130838188202
0.564663826231426
0.559909913876259
0.55317028162784
0.571736553830631
0.565694887107073
0.553506930552616
0.609575870689188
0.632095764254958
