0.300169641135804
0.325690712869852
0.348059835116223
0.365543182666787
0.378678039297696
0.392544481037897
0.410574229353661
0.423506899235279
0.434367476340671
0.444966622121237
0.455155147720312
0.468090869888598
0.47787930973522
0.486978482950718
0.494339283179001
0.500839310965153
0.506570252120539
0.512137504063231
0.517251082969991
0.52216903052361
0.526535844271484
0.530665409832013
0.534668849220137
0.538748191162515
0.54194365932825
0.545549646873091
0.549429965793523
0.553328103107718
0.555533625984106
0.558282804761892
0.560635703710578
0.561790876296436
0.563842653746233
0.565147462453753
0.567389465409382
0.568696139006813
0.570090094374536
0.572146179556341
0.571675539396012
0.574675762610777
0.576992402598964
0.581826409787711
0.584548709780522
0.59991959011783
0.90450182072269
0.916224794497479
0.924394108401714
0.932803077949254
0.941303822914033
0.950717357838309
0.962245946198847
0.975860257370462
0.993586496384437
1.0136299125544
1.03693890405721
1.06646885262631
1.10929386506549
1.16421115521633
1.23083686567879
1.32021043818569
1.44508349779731
1.63519619117371
1.9131801354817
2.32226180711105
3.12680780460024
5.80286527749039
-2155.80365289303
-5.70158702555759
-2.57267424258817
-1.56507675637033
-1.0938309739962
-0.869399696641236
-0.728922568228942
-0.661648230274019
-0.622756965156402
-0.625176828403189
-0.61587007352488
-0.608982075581404
-0.672767305466862
-0.713883988871775
